15
1988999999999999901909255192576.000000
0.000000 0.000000 0.000000
0.000000 0.000000 0.000000
330104000000000018874368.000000
63198570576.900002 -2334892779.660000 -5992737005.350000
-5988.869029 42834.306533 4048.627717
4867320000000000119537664.000000
93820235963.600006 55169308051.300003 -4665224937.940000
-17573.979667 29990.602700 1425.757096
5972190000000000390594560.000000
-140895124877.000000 -51734422050.099998 607849.677222
9775.206814 -28034.867036 0.256595
641692999999999994494976.000000
193907671866.000000 71639657490.600006 -3284661865.870000
-9370.373539 24767.662813 748.896663
1898129999999999971155771392.000000
-661280658658.000000 348707230468.000000 13336889425.400000
-6672.497038 -11830.148025 196.742188
568319000000000010177478656.000000
-199001519436.000000 -1364468306980.000000 31774492734.500000
9788.944817 -1880.895476 -357.771980
86810300000000005814353920.000000
-2664195834330.000000 -793770155926.000000 31587424233.000000
2235.594341 -6652.180989 -53.783539
102409999999999997009461248.000000
-2361352739620.000000 3802289858440.000000 -23887132594.200001
-4614.625522 -2912.619703 166.310206
13089999999999999475712.000000
-6430343848850.000000 -1415536383210.000000 2011551120910.000000
1597.731961 -3678.740616 -68.498435
73476729999999998361600.000000
-141187590319.000000 -52005118278.599998 36269838.998600
10411.118466 -28777.239241 -8.208673
89300000000000003145728.000000
-661424240125.000000 349102119012.000000 13337130616.700001
-23015.105165 -17795.841989 201.174841
48000000000000000000000.000000
-661611709538.000000 349298171813.000000 13331461416.500000
-18557.467444 -18465.701732 177.649246
148190000000000004718592.000000
-662172872081.000000 348117609218.000000 13338545953.700001
-661.062799 -20909.384568 167.622893
107593800000000002883584.000000
-663162805069.000000 348942048932.000000 13331744632.600000
-7678.997231 -19909.884672 180.724297
