9
1988999999999999901909255192576.000000
0.000000 0.000000 0.000000
0.000000 0.000000 0.000000
330104000000000018874368.000000
63198570576.900002 -2334892779.660000 -5992737005.350000
-5988.869029 42834.306533 4048.627717
4867320000000000119537664.000000
93820235963.600006 55169308051.300003 -4665224937.940000
-17573.979667 29990.602700 1425.757096
5972190000000000390594560.000000
-140895124877.000000 -51734422050.099998 607849.677222
9775.206814 -28034.867036 0.256595
641692999999999994494976.000000
193907671866.000000 71639657490.600006 -3284661865.870000
-9370.373539 24767.662813 748.896663
1898129999999999971155771392.000000
-661280658658.000000 348707230468.000000 13336889425.400000
-6672.497038 -11830.148025 196.742188
568319000000000010177478656.000000
-199001519436.000000 -1364468306980.000000 31774492734.500000
9788.944817 -1880.895476 -357.771980
86810300000000005814353920.000000
-2664195834330.000000 -793770155926.000000 31587424233.000000
2235.594341 -6652.180989 -53.783539
102409999999999997009461248.000000
-2361352739620.000000 3802289858440.000000 -23887132594.200001
-4614.625522 -2912.619703 166.310206
