8
1988999999999999901909255192576.000000
0.000000 0.000000 0.000000
0.000000 0.000000 0.000000
330104000000000018874368.000000
63198570576.900002 -2334892779.660000 -5992737005.350000
-5988.869029 42834.306533 4048.627717
4867320000000000119537664.000000
93820235963.600006 55169308051.300003 -4665224937.940000
-17573.979667 29990.602700 1425.757096
5972190000000000390594560.000000
-140895124877.000000 -51734422050.099998 607849.677222
9775.206814 -28034.867036 0.256595
641692999999999994494976.000000
193907671866.000000 71639657490.600006 -3284661865.870000
-9370.373539 24767.662813 748.896663
73476729999999998361600.000000
-141187590319.000000 -52005118278.599998 36269838.998600
10411.118466 -28777.239241 -8.208673
10720000000000000.000000
193907569519.000000 71649036957.199997 -3284818471.070000
-11506.350636 24776.284185 730.070419
1480000000000000.000000
193899868337.000000 71617544326.800003 -3285188769.680000
-8096.060501 24318.829889 719.637504
