63
1988999999999999901909255192576.000000
0.000000 0.000000 0.000000
0.000000 0.000000 0.000000
330104000000000018874368.000000
63198570576.900002 -2334892779.660000 -5992737005.350000
-5988.869029 42834.306533 4048.627717
4867320000000000119537664.000000
93820235963.600006 55169308051.300003 -4665224937.940000
-17573.979667 29990.602700 1425.757096
5972190000000000390594560.000000
-140895124877.000000 -51734422050.099998 607849.677222
9775.206814 -28034.867036 0.256595
641692999999999994494976.000000
193907671866.000000 71639657490.600006 -3284661865.870000
-9370.373539 24767.662813 748.896663
1898129999999999971155771392.000000
-661280658658.000000 348707230468.000000 13336889425.400000
-6672.497038 -11830.148025 196.742188
568319000000000010177478656.000000
-199001519436.000000 -1364468306980.000000 31774492734.500000
9788.944817 -1880.895476 -357.771980
86810300000000005814353920.000000
-2664195834330.000000 -793770155926.000000 31587424233.000000
2235.594341 -6652.180989 -53.783539
102409999999999997009461248.000000
-2361352739620.000000 3802289858440.000000 -23887132594.200001
-4614.625522 -2912.619703 166.310206
13089999999999999475712.000000
-6430343848850.000000 -1415536383210.000000 2011551120910.000000
1597.731961 -3678.740616 -68.498435
73476729999999998361600.000000
-141187590319.000000 -52005118278.599998 36269838.998600
10411.118466 -28777.239241 -8.208673
10720000000000000.000000
193907569519.000000 71649036957.199997 -3284818471.070000
-11506.350636 24776.284185 730.070419
1480000000000000.000000
193899868337.000000 71617544326.800003 -3285188769.680000
-8096.060501 24318.829889 719.637504
89300000000000003145728.000000
-661424240125.000000 349102119012.000000 13337130616.700001
-23015.105165 -17795.841989 201.174841
48000000000000000000000.000000
-661611709538.000000 349298171813.000000 13331461416.500000
-18557.467444 -18465.701732 177.649246
148190000000000004718592.000000
-662172872081.000000 348117609218.000000 13338545953.700001
-661.062799 -20909.384568 167.622893
107593800000000002883584.000000
-663162805069.000000 348942048932.000000 13331744632.600000
-7678.997231 -19909.884672 180.724297
2080000000000000000.000000
-661280648543.000000 348889219382.000000 13336497472.500000
-33013.604510 -11835.958988 361.993546
430000000000000000.000000
-661367402069.000000 348499892347.000000 13337741618.700001
14974.076794 -21193.528755 633.316419
2000000000000000.000000
-661166349558.000000 348647068912.000000 13337007622.600000
7938.127509 15846.137217 189.710468
36000000000000000.000000
-661152666754.000000 348707228753.000000 13336866254.700001
-6709.626811 19632.425744 188.007475
6700000000000000000.000000
-665899606785.000000 357697767066.000000 17704922659.099998
-9620.968202 -13241.431562 1324.199434
869999999999999872.000000
-668396209436.000000 343823399580.000000 17859322989.500000
-4236.911507 -14838.866894 -281.916267
300000000000000000.000000
-659596978271.000000 324450941774.000000 21898202827.099998
-8544.889283 -10929.797342 585.742082
75000000000000000.000000
-684975699821.000000 366775606434.000000 16115479345.500000
-5789.216643 -10417.208752 -434.565305
63000000000000000.000000
-651194076780.000000 351710094467.000000 14413382691.900000
-7972.654377 -8856.955927 1811.786946
130000000000000000.000000
-676692303244.000000 326512024741.000000 7087558337.380000
-7995.887946 -10435.999959 31.924634
30000000000000000.000000
-645517463319.000000 364902458747.000000 6502829199.420000
-5412.021602 -13270.173276 1249.552190
11000000000000000.000000
-649892181896.000000 346650450836.000000 17987020402.200001
-6146.477777 -9044.953528 -769.674198
869999999999999.875000
-675417446639.000000 371797316302.000000 18861813911.700001
-5616.679494 -10404.513073 -678.279675
689000000000000.000000
-655426538462.000000 347189500874.000000 15879551066.299999
-5598.530867 -8371.142972 -2739.427976
210000000000000.000000
-689200739206.000000 342322654784.000000 28056329110.700001
-7332.007044 -10389.748285 394.233293
160000000000000.000000
-644550235215.000000 329834522304.000000 12591981236.600000
-7830.537959 -13566.812526 709.031892
75000000000000.000000
-637345407938.000000 352586356127.000000 18599257801.900002
-6778.913221 -13966.282374 -218.473688
120000000000000.000000
-644944619505.000000 367426559032.000000 8416473884.980000
-5391.757658 -12996.652583 1197.062999
190000000000000.000000
-643726592438.000000 330463835929.000000 20063371005.400002
-8436.541775 -12912.196313 79.241957
194830000000000.000000
-639500972145.000000 349759022830.000000 466555197.680000
-6781.851131 -13839.210274 253.362476
45000000000000.000000
-652712995011.000000 371536207058.000000 7239732929.730000
-4935.065050 -13102.039831 133.081319
75000000000000.000000
-678224763163.000000 328447763944.000000 6471536514.490000
-8352.243061 -10838.335997 33.959316
430000000000000.000000
-646758464098.000000 330622864203.000000 6805695183.080000
-7728.258699 -13486.984078 1012.446770
90000000000000.000000
-647553735691.000000 374967503591.000000 5482589584.780000
-5242.174471 -12473.799890 -534.689460
90000000000000.000000
-660479202648.000000 325928004632.000000 4580685447.880000
-8561.012200 -11852.406746 1109.645794
90000000000000.000000
-671067020832.000000 329505373402.000000 25399032922.900002
-8607.271089 -11098.599751 375.933448
90000000000000.000000
-680777767508.000000 365446148994.000000 8132234816.170000
-5694.174655 -10071.398098 -228.132335
45000000000000.000000
-681967335500.000000 348923816725.000000 23237091774.299999
-6328.325534 -9648.563027 -637.902955
45000000000000.000000
-647997352799.000000 342598236344.000000 4630709942.110000
-8101.913226 -14410.501391 605.310240
15000000000000.000000
-669771417372.000000 331976073977.000000 13994591950.400000
-8787.671382 -11230.416602 -1256.108736
15000000000000.000000
-685311384354.000000 350381351829.000000 25010133796.000000
-6079.300453 -10157.058767 768.511270
15000000000000.000000
-674915218164.000000 323819360698.000000 437538354.361000
-8009.330822 -10923.647028 -244.134023
15000000000000.000000
-689164203887.000000 350425817534.000000 6600130093.430000
-6301.171302 -10035.740325 43.289578
15000000000000.000000
-668556770063.000000 322008975328.000000 20368713261.900002
-8358.218545 -11094.637600 270.663870
45000000000000.000000
-659472640316.000000 320885919233.000000 22912926064.400002
-8363.471580 -11350.185130 559.823422
15000000000000.000000
-664143325575.000000 368175132614.000000 1366387794.410000
-4465.294686 -11848.878206 521.814232
90000000000000.000000
-651700741020.000000 318125261453.000000 1669824003.420000
-8111.421462 -12055.082450 41.709847
15000000000000.000000
-641269474625.000000 339361600813.000000 10219897073.900000
-8098.974172 -13379.695606 -771.129057
44960000000000.007812
-666432393798.000000 367232249340.000000 9190639727.610001
-4239.918934 -10701.013957 -316.925128
15000000000000.000000
-652049729435.000000 330390592480.000000 18783007596.000000
-8618.174670 -13472.563389 312.390242
90000000000000.000000
-662173344157.000000 367731495811.000000 12878483930.200001
-4263.622659 -11376.881578 1327.172917
45000000000000.000000
-658181623584.000000 358438528297.000000 18113350619.500000
-9752.214580 -13101.075605 2183.020863
90000000000000.000000
-641964781891.000000 370015811182.000000 17593925080.099998
-5438.126715 -13095.053389 -202.759629
15000000000000.000000
-662650068381.000000 317396852294.000000 8751655780.240000
-8079.621474 -12309.685917 879.927597
15000000000000.000000
-669230138357.000000 365486567541.000000 9344087956.610001
-4737.021320 -10489.316333 -1422.758712
15000000000000.000000
-688604124198.000000 354272653725.000000 19302049973.700001
-6606.354645 -9981.981541 -34.577098
